# theta_MC_100 logA n_s omega_b omega_cdm tau_reio a_tsz a_ksz xi a_d a_c beta_CIB a_p_tt_15 a_p_tt_100 a_g_tt_15 a_g_tt_100
  1.0595139E-04  -1.2217575E-03   8.8229925E-04   1.3419741E-05   3.9587455E-05  -3.0264703E-05   6.5714186E-02  -1.0232042E-02   1.4939048E-04  -2.5787680E-02  -2.0745797E-03  -3.4376376E-04  -1.7424730E-03  -8.1778876E-03  -3.6547549E-03  -5.9097469E-03
 -1.2217575E-03   1.7109719E-02  -1.1920898E-02  -1.8257697E-04  -5.1439029E-04   4.3643366E-04  -7.9879296E-01   1.3962160E-01  -1.7557044E-03   3.2244340E-01   2.6700305E-02   5.3548557E-03   2.4683797E-02   1.0620130E-01   4.4735080E-02   6.9438985E-02
  8.8229925E-04  -1.1920898E-02   8.6186247E-03   1.2303263E-04   3.7666988E-04  -2.9118270E-04   6.0209921E-01  -9.6875775E-02   1.3684331E-03  -2.3970723E-01  -2.3403145E-02  -3.4793149E-03  -1.7356778E-02  -7.3530331E-02  -3.2932657E-02  -5.2885453E-02
  1.3419741E-05  -1.8257697E-04   1.2303263E-04   2.2937126E-06   5.8036886E-06  -2.6599295E-06   7.6286404E-03  -1.5544694E-03   1.5610672E-05  -3.1136029E-03  -1.9680860E-04  -6.7602683E-05  -2.6111425E-04  -1.3122819E-03  -4.2347626E-04  -6.3682699E-04
  3.9587455E-05  -5.1439029E-04   3.7666988E-04   5.8036886E-06   7.6780703E-05  -1.6403854E-05   3.5977028E-02  -3.9726058E-03   8.4770766E-05  -1.3905167E-02  -1.6854423E-03  -1.8176885E-04  -7.9534363E-04  -3.2634497E-03  -1.7374988E-03  -3.6035498E-03
 -3.0264703E-05   4.3643366E-04  -2.9118270E-04  -2.6599295E-06  -1.6403854E-05   5.4039481E-05  -2.5759348E-02   2.8313851E-03  -6.5948992E-05   1.0448747E-02   1.1560192E-03   4.8406126E-05   5.6601284E-04   7.0067547E-04   1.4580511E-03   2.8907901E-03
  6.5714186E-02  -7.9879296E-01   6.0209921E-01   7.6286404E-03   3.5977028E-02  -2.5759348E-02   5.2438103E+01  -6.2926073E+00   1.2387218E-01  -2.0044605E+01  -2.2051623E+00  -1.8088430E-01  -1.1847152E+00  -5.3583545E+00  -2.8553857E+00  -4.9810336E+00
 -1.0232042E-02   1.3962160E-01  -9.6875775E-02  -1.5544694E-03  -3.9726058E-03   2.8313851E-03  -6.2926073E+00   1.2456858E+00  -1.3592870E-02   2.5525110E+00   2.2046679E-01   4.6604008E-02   1.9914032E-01   8.4533463E-01   3.7278532E-01   5.1882596E-01
  1.4939048E-04  -1.7557044E-03   1.3684331E-03   1.5610672E-05   8.4770766E-05  -6.5948992E-05   1.2387218E-01  -1.3592870E-02   3.2280589E-04  -4.7230779E-02  -4.8955105E-03  -3.5298938E-04  -2.5684701E-03  -1.0250828E-02  -6.2485783E-03  -1.2039151E-02
 -2.5787680E-02   3.2244340E-01  -2.3970723E-01  -3.1136029E-03  -1.3905167E-02   1.0448747E-02  -2.0044605E+01   2.5525110E+00  -4.7230779E-02   7.9609905E+00   7.6959764E-01   7.6397696E-02   4.6328217E-01   2.0603000E+00   1.1150550E+00   1.9088989E+00
 -2.0745797E-03   2.6700305E-02  -2.3403145E-02  -1.9680860E-04  -1.6854423E-03   1.1560192E-03  -2.2051623E+00   2.2046679E-01  -4.8955105E-03   7.6959764E-01   3.9530696E-01   1.2160759E-03   4.6271047E-02   1.0354828E-01   1.5997918E-01   1.7003043E-01
 -3.4376376E-04   5.3548557E-03  -3.4793149E-03  -6.7602683E-05  -1.8176885E-04   4.8406126E-05  -1.8088430E-01   4.6604008E-02  -3.5298938E-04   7.6397696E-02   1.2160759E-03   2.3893465E-03   7.6409500E-03   3.7525431E-02   9.2740239E-03   1.2458474E-02
 -1.7424730E-03   2.4683797E-02  -1.7356778E-02  -2.6111425E-04  -7.9534363E-04   5.6601284E-04  -1.1847152E+00   1.9914032E-01  -2.5684701E-03   4.6328217E-01   4.6271047E-02   7.6409500E-03   5.2093476E-02   1.6220345E-01   6.5894072E-02   1.0094179E-01
 -8.1778876E-03   1.0620130E-01  -7.3530331E-02  -1.3122819E-03  -3.2634497E-03   7.0067547E-04  -5.3583545E+00   8.4533463E-01  -1.0250828E-02   2.0603000E+00   1.0354828E-01   3.7525431E-02   1.6220345E-01   1.3962965E+00   2.8922170E-01   4.2699096E-01
 -3.6547549E-03   4.4735080E-02  -3.2932657E-02  -4.2347626E-04  -1.7374988E-03   1.4580511E-03  -2.8553857E+00   3.7278532E-01  -6.2485783E-03   1.1150550E+00   1.5997918E-01   9.2740239E-03   6.5894072E-02   2.8922170E-01   2.1563707E-01   2.8318384E-01
 -5.9097469E-03   6.9438985E-02  -5.2885453E-02  -6.3682699E-04  -3.6035498E-03   2.8907901E-03  -4.9810336E+00   5.1882596E-01  -1.2039151E-02   1.9088989E+00   1.7003043E-01   1.2458474E-02   1.0094179E-01   4.2699096E-01   2.8318384E-01   5.7671654E-01
