# H0 logA n_s omega_b omega_cdm tau_reio a_tsz a_ksz xi a_d a_c beta_CIB a_p_tt_15 a_p_tt_100 a_g_tt_15 a_g_tt_100 a_g_te_15 a_g_te_100 a_g_ee_15 a_g_ee_100 a_p_te a_p_ee a_s_ee a_s_te cal_150 cal_95 leak_150 leak_95 yp_150 yp_95
  3.0330996E+00   6.1344391E-02   1.4111400E-02   1.6086062E-04  -7.3968417E-03   2.6384949E-03   5.8256754E-01   4.5118221E-03   4.5212861E-04   6.0489017E-01   2.1714508E-01  -6.6142269E-02   1.4847930E-01   1.5967836E+00  -1.7286527E-02   1.1435889E-03   4.2667790E-03  -1.0672865E-03   2.2187035E-04  -2.9059257E-04  -4.5451932E-03   2.6007906E-03   9.7221662E-04   2.9153738E-02  -3.5425307E-02  -3.6435304E-02   7.6575009E-02  -2.7419391E-02  -1.6232215E-03  -1.8816624E-03
  6.1344391E-02   5.5939929E-03   2.4635913E-04   2.3584349E-06  -1.5411723E-04   2.3313978E-04   2.7775607E-02  -6.8691064E-04   2.3382645E-04   4.5213059E-02   1.4567416E-02  -5.1545692E-03   1.3504571E-02   1.2260038E-01  -1.5662465E-03   3.7587256E-04   3.9904185E-04   2.9678739E-05  -1.9048987E-04  -4.1304174E-05  -6.1353915E-04   1.6093139E-04   7.6122074E-05   2.9192274E-03  -2.7034757E-03  -2.7340645E-03   3.5094835E-03  -8.0055512E-04  -2.2155991E-05  -3.5878484E-05
  1.4111400E-02   2.4635913E-04   2.7125307E-04  -1.9537783E-06  -4.0058853E-05   1.0860473E-05   3.8091714E-03  -4.2000213E-04   1.7703085E-05   4.2662862E-03   8.8532868E-04  -3.8214636E-04   1.0083653E-03   1.0895750E-02  -2.4260538E-04  -2.6289287E-04   4.5514633E-05  -8.7070621E-06   2.4985895E-05   2.6166206E-06  -6.0097823E-05   1.0487149E-05   2.4585439E-05   4.5115658E-04  -2.3127885E-04  -2.4405845E-04  -2.2431482E-05   3.6681348E-04   1.8195057E-06  -4.8369742E-06
  1.6086062E-04   2.3584349E-06  -1.9537783E-06   1.0474711E-07  -1.9963334E-07   6.1491472E-08  -2.5274640E-05  -7.1264515E-06  -8.0901944E-07   1.0964341E-05   8.1518283E-06  -9.7662974E-07   1.1730304E-05   3.6934800E-05   5.2770772E-06   4.7899670E-06  -9.5243631E-07  -2.1729376E-07  -5.0158108E-07  -1.3914879E-07   1.9886703E-06  -1.3235605E-07  -1.4961964E-07  -8.9126810E-06  -8.0521790E-07  -7.3615407E-07   1.5006724E-05  -1.4791956E-05   1.7546541E-07   2.4900280E-07
 -7.3968417E-03  -1.5411723E-04  -4.0058853E-05  -1.9963334E-07   1.8761168E-05  -6.8165311E-06  -1.5544388E-03  -2.8982684E-05  -3.5311160E-06  -1.5429881E-03  -5.5635209E-04   1.7666401E-04  -3.6312172E-04  -4.0742919E-03   5.1607135E-05   7.6489682E-06  -1.1704451E-05   1.6701987E-06  -1.3238001E-06   5.9058078E-07   1.6085176E-05  -7.1547978E-06  -2.9801766E-06  -9.1365768E-05   9.0428182E-05   9.3248456E-05  -1.5862531E-04   3.8902653E-05   4.4973351E-06   5.3037632E-06
  2.6384949E-03   2.3313978E-04   1.0860473E-05   6.1491472E-08  -6.8165311E-06   2.2588288E-04  -2.5283308E-03   7.0063292E-05   1.5020344E-05  -1.9756012E-03  -4.1834443E-04   1.7867133E-04  -6.0683256E-05  -4.6784218E-03   2.5732467E-04   5.0518679E-04  -1.6662111E-05   4.6228314E-06  -1.5464444E-05   1.4779732E-06  -5.8309271E-05   2.4807922E-06  -5.1595474E-06   3.4709204E-05   1.0514757E-04   1.0665614E-04  -1.9411387E-05   1.3540315E-04  -1.2325600E-07  -1.4399738E-06
  5.8256754E-01   2.7775607E-02   3.8091714E-03  -2.5274640E-05  -1.5544388E-03  -2.5283308E-03   6.9998402E-01  -1.6771940E-01   9.5645558E-03   4.2033557E-01   3.1931958E-02  -5.7906124E-02   1.7629253E-02   7.8276660E-01  -3.7841588E-02  -3.6242043E-02   6.7166388E-03   9.0448864E-04  -7.9660387E-04   1.6740615E-04  -4.7446563E-03   8.3382305E-04   8.1396397E-04   2.1482735E-02  -1.8858241E-02  -1.9996761E-02   2.2137749E-02   2.0044492E-03  -2.9207003E-04  -4.8664586E-04
  4.5118221E-03  -6.8691064E-04  -4.2000213E-04  -7.1264515E-06  -2.8982684E-05   7.0063292E-05  -1.6771940E-01   3.0513597E-01   6.2074324E-04  -5.9426528E-02  -9.2724165E-02   6.6266909E-02   4.9890235E-03  -2.2501783E-02  -1.1951330E-02   2.6810071E-03  -6.0119845E-04  -7.5630954E-04   2.1838332E-04  -2.8510291E-04   7.8221765E-04  -1.9535278E-04  -9.1456976E-05  -2.2103078E-03   6.5899445E-04   1.0238563E-03  -1.0535418E-03  -8.0511205E-03  -2.1955616E-05   8.0798977E-06
  4.5212861E-04   2.3382645E-04   1.7703085E-05  -8.0901944E-07  -3.5311160E-06   1.5020344E-05   9.5645558E-03   6.2074324E-04   2.3894376E-03   9.2497815E-03   9.4028751E-03  -1.0560272E-02  -1.0273349E-03   4.3247784E-03  -7.5350994E-04  -5.0490793E-04   2.1530976E-04   4.2732732E-05  -3.6202110E-05  -2.7026765E-05  -1.8904265E-04   3.2496373E-05  -3.2525188E-05   3.1881392E-04  -1.2246890E-04  -1.4612923E-04   2.1359416E-04   7.7731663E-05  -2.4386950E-07   2.5498140E-06
  6.0489017E-01   4.5213059E-02   4.2662862E-03   1.0964341E-05  -1.5429881E-03  -1.9756012E-03   4.2033557E-01  -5.9426528E-02   9.2497815E-03   6.0605556E-01   2.8826532E-02  -1.0847769E-01   8.5677871E-02   1.2015794E+00  -1.7200377E-02  -1.8290034E-02   4.2085471E-03  -3.8402746E-05  -9.5651716E-04  -6.3683845E-04  -4.9115878E-03   1.2453788E-03   1.3478302E-03   2.8941863E-02  -2.7215311E-02  -2.7659860E-02   3.2834230E-02  -6.3569016E-03  -5.9325680E-05  -2.5435070E-04
  2.1714508E-01   1.4567416E-02   8.8532868E-04   8.1518283E-06  -5.5635209E-04  -4.1834443E-04   3.1931958E-02  -9.2724165E-02   9.4028751E-03   2.8826532E-02   5.8536320E-01  -1.9427124E-01   3.6920466E-02   3.9891086E-01  -3.7813543E-02   4.6654536E-03   2.9706079E-03   1.5635910E-03   6.8609191E-04  -2.6560104E-04  -2.2273735E-03   7.7338423E-04  -5.5473610E-04   1.0532183E-02  -8.8279885E-03  -8.4914580E-03   1.9025751E-02  -1.8127746E-02  -4.8956835E-05  -4.1861315E-05
 -6.6142269E-02  -5.1545692E-03  -3.8214636E-04  -9.7662974E-07   1.7666401E-04   1.7867133E-04  -5.7906124E-02   6.6266909E-02  -1.0560272E-02  -1.0847769E-01  -1.9427124E-01   2.0078717E-01   2.2768973E-02  -1.1363468E-01   1.1132912E-03   1.2307072E-03  -1.5341897E-03  -8.8447830E-05  -2.7530559E-04   2.3659218E-04   1.6380055E-03  -3.8651516E-04   2.1770910E-04  -5.5833972E-03   3.3334695E-03   3.1605200E-03  -6.4217709E-03   7.3989959E-03  -7.6910150E-06  -1.7674954E-05
  1.4847930E-01   1.3504571E-02   1.0083653E-03   1.1730304E-05  -3.6312172E-04  -6.0683256E-05   1.7629253E-02   4.9890235E-03  -1.0273349E-03   8.5677871E-02   3.6920466E-02   2.2768973E-02   8.9021727E-02   3.6077457E-01  -1.0166108E-03   6.6154441E-03   6.8240124E-04   1.2758677E-04  -4.5970467E-04  -1.9426628E-04  -1.3243866E-03   4.1437515E-04   2.7650486E-04   5.8697062E-03  -7.2982083E-03  -7.4265982E-03   5.7353642E-03  -1.9818827E-04  -1.6857359E-05  -4.5897141E-05
  1.5967836E+00   1.2260038E-01   1.0895750E-02   3.6934800E-05  -4.0742919E-03  -4.6784218E-03   7.8276660E-01  -2.2501783E-02   4.3247784E-03   1.2015794E+00   3.9891086E-01  -1.1363468E-01   3.6077457E-01   3.4118354E+00  -5.3202197E-02  -2.5980430E-02   1.1523622E-02   1.2344079E-03  -2.3879540E-03  -1.3329646E-03  -1.2997704E-02   3.5101611E-03   2.7762694E-03   7.3481324E-02  -7.2544645E-02  -7.3961205E-02   8.1504930E-02  -2.3548067E-02  -3.0587777E-04  -6.9452452E-04
 -1.7286527E-02  -1.5662465E-03  -2.4260538E-04   5.2770772E-06   5.1607135E-05   2.5732467E-04  -3.7841588E-02  -1.1951330E-02  -7.5350994E-04  -1.7200377E-02  -3.7813543E-02   1.1132912E-03  -1.0166108E-03  -5.3202197E-02   1.7851547E-01   7.1460546E-03  -5.9546166E-04  -3.3248590E-04   4.9892587E-04  -1.8856720E-04   2.8990084E-04  -4.7994528E-05   1.9996641E-04  -3.5871004E-03   1.1344636E-03   1.1921732E-03  -5.8347350E-03   2.9429264E-03  -2.3954912E-05  -1.5755620E-05
  1.1435889E-03   3.7587256E-04  -2.6289287E-04   4.7899670E-06   7.6489682E-06   5.0518679E-04  -3.6242043E-02   2.6810071E-03  -5.0490793E-04  -1.8290034E-02   4.6654536E-03   1.2307072E-03   6.6154441E-03  -2.5980430E-02   7.1460546E-03   9.6661740E-02  -5.7576053E-04  -2.5569390E-04  -2.3689877E-04   1.2834584E-04  -7.5511208E-04   2.2297804E-04  -5.8755220E-05   9.0052011E-04   5.3253143E-04   6.2890564E-04   2.5035663E-03  -4.1868362E-03  -1.0538335E-05  -9.1127059E-06
  4.2667790E-03   3.9904185E-04   4.5514633E-05  -9.5243631E-07  -1.1704451E-05  -1.6662111E-05   6.7166388E-03  -6.0119845E-04   2.1530976E-04   4.2085471E-03   2.9706079E-03  -1.5341897E-03   6.8240124E-04   1.1523622E-02  -5.9546166E-04  -5.7576053E-04   6.3104180E-03   8.9842453E-05  -1.0802173E-04   1.7058412E-05  -4.5521792E-04  -3.3958430E-06  -4.2691819E-06   5.0419579E-04  -2.5717076E-04  -2.7139523E-04   1.1324118E-04   2.3137759E-03   6.9883368E-06  -8.2031510E-07
 -1.0672865E-03   2.9678739E-05  -8.7070621E-06  -2.1729376E-07   1.6701987E-06   4.6228314E-06   9.0448864E-04  -7.5630954E-04   4.2732732E-05  -3.8402746E-05   1.5635910E-03  -8.8447830E-05   1.2758677E-04   1.2344079E-03  -3.3248590E-04  -2.5569390E-04   8.9842453E-05   1.5177043E-03  -5.0476279E-05   2.1302242E-06  -8.5513870E-05  -2.4256262E-06  -1.6670134E-06   6.1916006E-05  -2.7022368E-05  -3.0959899E-05   4.5088862E-06  -9.9985416E-05   2.4479450E-07   1.7927667E-06
  2.2187035E-04  -1.9048987E-04   2.4985895E-05  -5.0158108E-07  -1.3238001E-06  -1.5464444E-05  -7.9660387E-04   2.1838332E-04  -3.6202110E-05  -9.5651716E-04   6.8609191E-04  -2.7530559E-04  -4.5970467E-04  -2.3879540E-03   4.9892587E-04  -2.3689877E-04  -1.0802173E-04  -5.0476279E-05   2.3712401E-03  -1.0472068E-05  -3.2321551E-05  -5.4359589E-05  -5.9834112E-06  -6.3980176E-05   4.9827968E-05   4.9702727E-05  -1.1620357E-05   1.3754661E-03  -2.0954107E-05   4.3666149E-06
 -2.9059257E-04  -4.1304174E-05   2.6166206E-06  -1.3914879E-07   5.9058078E-07   1.4779732E-06   1.6740615E-04  -2.8510291E-04  -2.7026765E-05  -6.3683845E-04  -2.6560104E-04   2.3659218E-04  -1.9426628E-04  -1.3329646E-03  -1.8856720E-04   1.2834584E-04   1.7058412E-05   2.1302242E-06  -1.0472068E-05   9.0086261E-04  -4.7903407E-05   2.2563989E-06  -3.9262583E-06   5.9561588E-05   2.3230715E-05   1.9892227E-05  -1.9037117E-04   2.1613200E-04  -7.9063882E-06  -4.5106215E-06
 -4.5451932E-03  -6.1353915E-04  -6.0097823E-05   1.9886703E-06   1.6085176E-05  -5.8309271E-05  -4.7446563E-03   7.8221765E-04  -1.8904265E-04  -4.9115878E-03  -2.2273735E-03   1.6380055E-03  -1.3243866E-03  -1.2997704E-02   2.8990084E-04  -7.5511208E-04  -4.5521792E-04  -8.5513870E-05  -3.2321551E-05  -4.7903407E-05   4.6083715E-03  -2.2443905E-05   1.7195042E-05  -3.1555519E-03   2.6162864E-04   2.7281839E-04   2.2753547E-03  -1.1354822E-02   5.8693933E-06   5.4606369E-06
  2.6007906E-03   1.6093139E-04   1.0487149E-05  -1.3235605E-07  -7.1547978E-06   2.4807922E-06   8.3382305E-04  -1.9535278E-04   3.2496373E-05   1.2453788E-03   7.7338423E-04  -3.8651516E-04   4.1437515E-04   3.5101611E-03  -4.7994528E-05   2.2297804E-04  -3.3958430E-06  -2.4256262E-06  -5.4359589E-05   2.2563989E-06  -2.2443905E-05   4.3309820E-04  -1.3425984E-05   8.4378652E-05  -7.5420575E-05  -7.7682358E-05  -3.8904207E-05   2.3627406E-04  -4.3154676E-06  -7.3518014E-06
  9.7221662E-04   7.6122074E-05   2.4585439E-05  -1.4961964E-07  -2.9801766E-06  -5.1595474E-06   8.1396397E-04  -9.1456976E-05  -3.2525188E-05   1.3478302E-03  -5.5473610E-04   2.1770910E-04   2.7650486E-04   2.7762694E-03   1.9996641E-04  -5.8755220E-05  -4.2691819E-06  -1.6670134E-06  -5.9834112E-06  -3.9262583E-06   1.7195042E-05  -1.3425984E-05   3.3820689E-04  -9.7367503E-06  -6.4180614E-05  -6.6366743E-05  -3.1584540E-04  -2.2422586E-04  -1.1114682E-06  -3.0858677E-05
  2.9153738E-02   2.9192274E-03   4.5115658E-04  -8.9126810E-06  -9.1365768E-05   3.4709204E-05   2.1482735E-02  -2.2103078E-03   3.1881392E-04   2.8941863E-02   1.0532183E-02  -5.5833972E-03   5.8697062E-03   7.3481324E-02  -3.5871004E-03   9.0052011E-04   5.0419579E-04   6.1916006E-05  -6.3980176E-05   5.9561588E-05  -3.1555519E-03   8.4378652E-05  -9.7367503E-06   1.2081132E-02  -1.5604259E-03  -1.5892425E-03   7.2100897E-03  -3.1805820E-03  -3.2409693E-05  -4.9535807E-05
 -3.5425307E-02  -2.7034757E-03  -2.3127885E-04  -8.0521790E-07   9.0428182E-05   1.0514757E-04  -1.8858241E-02   6.5899445E-04  -1.2246890E-04  -2.7215311E-02  -8.8279885E-03   3.3334695E-03  -7.2982083E-03  -7.2544645E-02   1.1344636E-03   5.3253143E-04  -2.5717076E-04  -2.7022368E-05   4.9827968E-05   2.3230715E-05   2.6162864E-04  -7.5420575E-05  -6.4180614E-05  -1.5604259E-03   1.6126972E-03   1.6277962E-03  -1.8314479E-03   5.5485264E-04   6.2342081E-06   1.4567980E-05
 -3.6435304E-02  -2.7340645E-03  -2.4405845E-04  -7.3615407E-07   9.3248456E-05   1.0665614E-04  -1.9996761E-02   1.0238563E-03  -1.4612923E-04  -2.7659860E-02  -8.4914580E-03   3.1605200E-03  -7.4265982E-03  -7.3961205E-02   1.1921732E-03   6.2890564E-04  -2.7139523E-04  -3.0959899E-05   4.9702727E-05   1.9892227E-05   2.7281839E-04  -7.7682358E-05  -6.6366743E-05  -1.5892425E-03   1.6277962E-03   1.6688099E-03  -1.7490067E-03   5.0342954E-04   7.6457796E-06   1.5978383E-05
  7.6575009E-02   3.5094835E-03  -2.2431482E-05   1.5006724E-05  -1.5862531E-04  -1.9411387E-05   2.2137749E-02  -1.0535418E-03   2.1359416E-04   3.2834230E-02   1.9025751E-02  -6.4217709E-03   5.7353642E-03   8.1504930E-02  -5.8347350E-03   2.5035663E-03   1.1324118E-04   4.5088862E-06  -1.1620357E-05  -1.9037117E-04   2.2753547E-03  -3.8904207E-05  -3.1584540E-04   7.2100897E-03  -1.8314479E-03  -1.7490067E-03   1.4857080E-01  -2.1808354E-02  -8.7437342E-05  -2.5508682E-05
 -2.7419391E-02  -8.0055512E-04   3.6681348E-04  -1.4791956E-05   3.8902653E-05   1.3540315E-04   2.0044492E-03  -8.0511205E-03   7.7731663E-05  -6.3569016E-03  -1.8127746E-02   7.3989959E-03  -1.9818827E-04  -2.3548067E-02   2.9429264E-03  -4.1868362E-03   2.3137759E-03  -9.9985416E-05   1.3754661E-03   2.1613200E-04  -1.1354822E-02   2.3627406E-04  -2.2422586E-04  -3.1805820E-03   5.5485264E-04   5.0342954E-04  -2.1808354E-02   2.2900639E-01   2.7910692E-05   1.7501506E-04
 -1.6232215E-03  -2.2155991E-05   1.8195057E-06   1.7546541E-07   4.4973351E-06  -1.2325600E-07  -2.9207003E-04  -2.1955616E-05  -2.4386950E-07  -5.9325680E-05  -4.8956835E-05  -7.6910150E-06  -1.6857359E-05  -3.0587777E-04  -2.3954912E-05  -1.0538335E-05   6.9883368E-06   2.4479450E-07  -2.0954107E-05  -7.9063882E-06   5.8693933E-06  -4.3154676E-06  -1.1114682E-06  -3.2409693E-05   6.2342081E-06   7.6457796E-06  -8.7437342E-05   2.7910692E-05   2.0072610E-05   1.0547317E-05
 -1.8816624E-03  -3.5878484E-05  -4.8369742E-06   2.4900280E-07   5.3037632E-06  -1.4399738E-06  -4.8664586E-04   8.0798977E-06   2.5498140E-06  -2.5435070E-04  -4.1861315E-05  -1.7674954E-05  -4.5897141E-05  -6.9452452E-04  -1.5755620E-05  -9.1127059E-06  -8.2031510E-07   1.7927667E-06   4.3666149E-06  -4.5106215E-06   5.4606369E-06  -7.3518014E-06  -3.0858677E-05  -4.9535807E-05   1.4567980E-05   1.5978383E-05  -2.5508682E-05   1.7501506E-04   1.0547317E-05   3.2650267E-05
