# theta_MC_100 logA n_s omega_b omega_cdm tau_reio a_tsz a_ksz xi a_d a_c beta_CIB a_p_tt_15 a_p_tt_100 a_g_tt_15 a_g_tt_100 a_g_te_15 a_g_te_100 a_g_ee_15 a_g_ee_100 a_p_te a_p_ee yp_150 yp_95
  5.1245766E-07  -1.2657705E-06   3.5404049E-06  -1.9181433E-08  -9.6202134E-07   6.8729820E-07   3.0643604E-05   2.2756244E-05   5.8759775E-07  -4.8953719E-06   1.4904902E-06   3.3260721E-06  -4.1543990E-06  -9.6895239E-07   6.5937308E-07   4.8903566E-07   6.9982233E-07  -1.2144134E-08   7.5321995E-07   1.6479540E-07   4.7643084E-07  -2.7795104E-07  -4.5556701E-07  -4.2735771E-07
 -1.2657705E-06   9.0991087E-04  -1.6297704E-04   1.5073634E-06   1.0390471E-05   3.7341171E-04  -2.3942532E-03  -1.2359514E-04  -3.4665260E-05  -1.5728570E-04   6.6235240E-04  -2.1476239E-04   4.4537974E-04   6.2335587E-04  -1.8139892E-04  -7.3404381E-05  -1.9202365E-05  -5.7678338E-06  -6.2647920E-05   3.6807908E-06  -1.4057390E-07   8.1366885E-06  -6.4011694E-06  -6.3210047E-06
  3.5404049E-06  -1.6297704E-04   2.3883828E-04  -1.9329743E-06  -3.1030939E-05   2.4821113E-05   1.7135819E-04   2.9157229E-05   8.2388758E-06   5.8766148E-05  -2.9515555E-04   7.0859620E-05   5.1233001E-05   3.1318334E-04   2.0988199E-04  -2.6993145E-05   2.7076022E-05  -1.2190792E-05   1.5833361E-05  -1.0937946E-05   3.4387848E-05  -9.9553815E-06   2.8975299E-06  -2.7488396E-06
 -1.9181433E-08   1.5073634E-06  -1.9329743E-06   9.4157685E-08  -1.3738171E-07   2.4853482E-07  -3.2735864E-05  -5.4162595E-06  -3.8506390E-07   2.3785473E-06  -2.8682148E-06   2.6046994E-07   5.9321367E-06   5.6109827E-06  -4.9708976E-06  -2.6251520E-06  -9.5351034E-07  -2.7990072E-07  -5.9547146E-07   8.3052648E-08  -1.5630486E-06  -1.0804031E-07   1.6106082E-07   1.6352742E-07
 -9.6202134E-07   1.0390471E-05  -3.1030939E-05  -1.3738171E-07   1.5092725E-05  -1.2064654E-05  -2.0204190E-04  -1.3971429E-04  -1.0149817E-06   2.6840365E-05  -9.6600837E-05   1.6091969E-05   5.2634822E-05   2.5595244E-05  -2.4166047E-05   3.7324556E-06  -4.8983783E-06   3.4847535E-06  -4.0848288E-06   2.1628477E-06   6.1309486E-06   1.7475256E-06   4.8412066E-06   5.4117006E-06
  6.8729820E-07   3.7341171E-04   2.4821113E-05   2.4853482E-07  -1.2064654E-05   2.0357791E-04  -7.5698124E-04  -8.8793283E-05  -6.7813643E-06  -5.5825405E-05   1.3640519E-04  -6.7002929E-05   1.6821465E-04   2.5430960E-04  -3.5526551E-06  -4.9403181E-05  -3.2198534E-06  -1.1476455E-05  -2.1845561E-05  -3.6670279E-06   3.9348845E-06   1.3954445E-07   5.2754374E-07  -2.7233809E-06
  3.0643604E-05  -2.3942532E-03   1.7135819E-04  -3.2735864E-05  -2.0204190E-04  -7.5698124E-04   5.4995081E-01  -3.5443203E-01   7.2756361E-03   1.4178659E-01   9.4066350E-03  -8.5984140E-02  -7.5771223E-02  -1.2547687E-01   2.3000001E-03   3.1133726E-03  -1.6594892E-04  -9.8582864E-04   1.0315043E-03   5.8119049E-05  -1.0096353E-03   2.7879726E-04  -2.7665166E-05   9.0066385E-05
  2.2756244E-05  -1.2359514E-04   2.9157229E-05  -5.4162595E-06  -1.3971429E-04  -8.8793283E-05  -3.5443203E-01   6.5427765E-01   3.8046659E-03  -1.2742987E-01  -2.1074034E-01   1.6927279E-01   2.2582720E-02   4.4498046E-02  -1.6996156E-02   5.6638562E-04   3.3799875E-04   9.5668166E-04  -8.0475961E-04   3.6419959E-04   4.1416161E-04  -5.0808090E-04  -8.8268768E-05  -1.2540055E-04
  5.8759775E-07  -3.4665260E-05   8.2388758E-06  -3.8506390E-07  -1.0149817E-06  -6.7813643E-06   7.2756361E-03   3.8046659E-03   2.6999088E-03   1.2063585E-02   8.3200496E-03  -1.2332016E-02  -1.6041027E-03  -2.1551155E-03   7.8525985E-04   2.2207719E-04   6.3749266E-05  -1.5668838E-05   3.6809897E-05  -5.5086189E-06  -9.6282495E-06   4.6985816E-05   1.7533271E-06   3.5847770E-06
 -4.8953719E-06  -1.5728570E-04   5.8766148E-05   2.3785473E-06   2.6840365E-05  -5.5825405E-05   1.4178659E-01  -1.2742987E-01   1.2063585E-02   2.1322786E-01  -2.4123275E-02  -1.6312294E-01  -5.9023851E-02  -5.6278056E-02   1.3164765E-02   3.8040028E-03  -4.6151576E-04  -5.0027952E-04   5.4298671E-04  -3.4699489E-04  -7.6815301E-04   3.2324636E-04   1.1139393E-04   4.9386887E-05
  1.4904902E-06   6.6235240E-04  -2.9515555E-04  -2.8682148E-06  -9.6600837E-05   1.3640519E-04   9.4066350E-03  -2.1074034E-01   8.3200496E-03  -2.4123275E-02   5.3874084E-01  -2.2935689E-01  -5.6313276E-03  -6.6281466E-03  -2.9084564E-02  -9.6846998E-03   1.4404821E-03  -1.8307207E-04  -3.6192458E-04   9.5723592E-05  -3.3983289E-04   7.2801689E-04  -3.7033643E-05  -5.5329384E-05
  3.3260721E-06  -2.1476239E-04   7.0859620E-05   2.6046994E-07   1.6091969E-05  -6.7002929E-05  -8.5984140E-02   1.6927279E-01  -1.2332016E-02  -1.6312294E-01  -2.2935689E-01   2.8514305E-01   5.0848692E-02   5.0204304E-02  -1.1123048E-02   1.2278312E-03  -1.0012568E-04   4.1106703E-04  -4.2961465E-04   3.9205266E-04   1.4556388E-03  -6.3654427E-04  -7.1512514E-05  -1.7946533E-05
 -4.1543990E-06   4.4537974E-04   5.1233001E-05   5.9321367E-06   5.2634822E-05   1.6821465E-04  -7.5771223E-02   2.2582720E-02  -1.6041027E-03  -5.9023851E-02  -5.6313276E-03   5.0848692E-02   6.7789335E-02   3.7396754E-02  -7.1641972E-03   7.3049772E-04   1.4942098E-04   3.0115369E-05   2.2283059E-04  -6.8617523E-05   3.5525451E-04  -1.2101669E-04   1.4706395E-06  -2.8500705E-05
 -9.6895239E-07   6.2335587E-04   3.1318334E-04   5.6109827E-06   2.5595244E-05   2.5430960E-04  -1.2547687E-01   4.4498046E-02  -2.1551155E-03  -5.6278056E-02  -6.6281466E-03   5.0204304E-02   3.7396754E-02   1.2803195E-01   5.6204359E-03  -2.6692565E-03   1.9186642E-04   3.2259702E-04  -8.2694908E-04  -2.1246675E-05   6.8839247E-04  -1.3945712E-04   3.6110508E-05  -4.4647936E-05
  6.5937308E-07  -1.8139892E-04   2.0988199E-04  -4.9708976E-06  -2.4166047E-05  -3.5526551E-06   2.3000001E-03  -1.6996156E-02   7.8525985E-04   1.3164765E-02  -2.9084564E-02  -1.1123048E-02  -7.1641972E-03   5.6204359E-03   2.0281901E-01   5.0208583E-03   3.5583960E-04  -2.4520942E-04   6.3056914E-04  -1.6902183E-04   1.2184337E-04   9.2510918E-05  -1.7809794E-05  -1.6665362E-05
  4.8903566E-07  -7.3404381E-05  -2.6993145E-05  -2.6251520E-06   3.7324556E-06  -4.9403181E-05   3.1133726E-03   5.6638562E-04   2.2207719E-04   3.8040028E-03  -9.6846998E-03   1.2278312E-03   7.3049772E-04  -2.6692565E-03   5.0208583E-03   9.3495924E-02  -4.9004723E-04  -3.7285502E-04  -5.8727711E-05  -2.5462163E-04  -2.5400587E-04  -1.4503003E-05   1.0701345E-05   3.4875955E-05
  6.9982233E-07  -1.9202365E-05   2.7076022E-05  -9.5351034E-07  -4.8983783E-06  -3.2198534E-06  -1.6594892E-04   3.3799875E-04   6.3749266E-05  -4.6151576E-04   1.4404821E-03  -1.0012568E-04   1.4942098E-04   1.9186642E-04   3.5583960E-04  -4.9004723E-04   5.8075862E-03  -2.6280707E-05  -6.4085023E-05  -4.6907896E-05  -2.8022921E-04   3.1526866E-06   1.6302661E-06  -5.0377042E-06
 -1.2144134E-08  -5.7678338E-06  -1.2190792E-05  -2.7990072E-07   3.4847535E-06  -1.1476455E-05  -9.8582864E-04   9.5668166E-04  -1.5668838E-05  -5.0027952E-04  -1.8307207E-04   4.1106703E-04   3.0115369E-05   3.2259702E-04  -2.4520942E-04  -3.7285502E-04  -2.6280707E-05   1.5769357E-03   1.6890183E-06  -7.3660070E-06  -3.0787285E-05   7.2190482E-07  -1.9094469E-06  -9.2039565E-06
  7.5321995E-07  -6.2647920E-05   1.5833361E-05  -5.9547146E-07  -4.0848288E-06  -2.1845561E-05   1.0315043E-03  -8.0475961E-04   3.6809897E-05   5.4298671E-04  -3.6192458E-04  -4.2961465E-04   2.2283059E-04  -8.2694908E-04   6.3056914E-04  -5.8727711E-05  -6.4085023E-05   1.6890183E-06   2.5113202E-03   5.5587069E-05  -3.0793903E-05  -4.6435262E-06  -3.1395874E-05   4.2521353E-06
  1.6479540E-07   3.6807908E-06  -1.0937946E-05   8.3052648E-08   2.1628477E-06  -3.6670279E-06   5.8119049E-05   3.6419959E-04  -5.5086189E-06  -3.4699489E-04   9.5723592E-05   3.9205266E-04  -6.8617523E-05  -2.1246675E-05  -1.6902183E-04  -2.5462163E-04  -4.6907896E-05  -7.3660070E-06   5.5587069E-05   8.7021992E-04  -1.9015086E-06  -8.6703875E-06  -3.5141698E-06  -3.9439453E-06
  4.7643084E-07  -1.4057390E-07   3.4387848E-05  -1.5630486E-06   6.1309486E-06   3.9348845E-06  -1.0096353E-03   4.1416161E-04  -9.6282495E-06  -7.6815301E-04  -3.3983289E-04   1.4556388E-03   3.5525451E-04   6.8839247E-04   1.2184337E-04  -2.5400587E-04  -2.8022921E-04  -3.0787285E-05  -3.0793903E-05  -1.9015086E-06   3.2222350E-03  -2.2675251E-05   4.9510893E-07   4.6298804E-06
 -2.7795104E-07   8.1366885E-06  -9.9553815E-06  -1.0804031E-07   1.7475256E-06   1.3954445E-07   2.7879726E-04  -5.0808090E-04   4.6985816E-05   3.2324636E-04   7.2801689E-04  -6.3654427E-04  -1.2101669E-04  -1.3945712E-04   9.2510918E-05  -1.4503003E-05   3.1526866E-06   7.2190482E-07  -4.6435262E-06  -8.6703875E-06  -2.2675251E-05   4.5502865E-04  -4.6165923E-06  -3.4907062E-06
 -4.5556701E-07  -6.4011694E-06   2.8975299E-06   1.6106082E-07   4.8412066E-06   5.2754374E-07  -2.7665166E-05  -8.8268768E-05   1.7533271E-06   1.1139393E-04  -3.7033643E-05  -7.1512514E-05   1.4706395E-06   3.6110508E-05  -1.7809794E-05   1.0701345E-05   1.6302661E-06  -1.9094469E-06  -3.1395874E-05  -3.5141698E-06   4.9510893E-07  -4.6165923E-06   2.0408047E-05   1.0831713E-05
 -4.2735771E-07  -6.3210047E-06  -2.7488396E-06   1.6352742E-07   5.4117006E-06  -2.7233809E-06   9.0066385E-05  -1.2540055E-04   3.5847770E-06   4.9386887E-05  -5.5329384E-05  -1.7946533E-05  -2.8500705E-05  -4.4647936E-05  -1.6665362E-05   3.4875955E-05  -5.0377042E-06  -9.2039565E-06   4.2521353E-06  -3.9439453E-06   4.6298804E-06  -3.4907062E-06   1.0831713E-05   2.9901750E-05
