# theta_MC_100 logA n_s omega_b omega_cdm tau_reio a_tsz a_ksz xi a_d a_c beta_CIB a_p_tt_15 a_p_tt_100 a_g_tt_15 a_g_tt_100
  2.4797904E-06  -1.2559302E-06   8.7349857E-06   2.3035680E-07  -2.8258753E-06   1.7171381E-06   3.6969726E-05   1.2861620E-05   1.6532412E-06   1.8689848E-05   1.2985269E-05  -5.1863993E-06  -8.6519630E-06  -1.3729515E-05   5.2373501E-06   2.3460388E-07
 -1.2559302E-06   1.2456032E-03  -3.8554246E-04   1.9666231E-06   1.1099602E-04   4.1957792E-04  -2.8060368E-03  -9.3923340E-04   5.2068944E-05  -1.7284945E-04  -1.5075979E-03   3.6363324E-04   9.5022927E-04   6.8426677E-04   1.3583337E-04  -3.1803187E-04
  8.7349857E-06  -3.8554246E-04   5.2894711E-04  -5.4893414E-06  -1.2608071E-04   4.5122884E-05   1.7154023E-03   2.7809070E-04  -2.6714264E-05   2.0237271E-05   8.4251211E-04  -1.1759515E-04  -3.5531349E-04  -2.2825118E-04   2.2500395E-04   8.3193360E-05
  2.3035680E-07   1.9666231E-06  -5.4893414E-06   4.1466090E-07  -1.0599379E-06   2.5413869E-07  -6.9358553E-05   2.4737073E-06   7.1077463E-07   3.9106480E-06  -1.6140449E-05   2.0048042E-06   1.4635072E-05   6.2185785E-06  -1.0452843E-05   3.1194008E-06
 -2.8258753E-06   1.1099602E-04  -1.2608071E-04  -1.0599379E-06   6.4512871E-05  -2.2747865E-05  -6.9405597E-04  -2.9703529E-04   8.1860204E-06   6.4001373E-05  -4.7929491E-04   7.4341217E-05   1.5423302E-04   1.0531636E-04  -5.0859820E-05  -1.3286414E-04
  1.7171381E-06   4.1957792E-04   4.5122884E-05   2.5413869E-07  -2.2747865E-05   2.3643480E-04  -4.4141776E-04  -1.9547803E-04   1.2457510E-05  -1.4205123E-04  -1.1482024E-04   8.2565264E-05   2.5432293E-04   1.8384264E-04   1.3576301E-04  -1.7821021E-05
  3.6969726E-05  -2.8060368E-03   1.7154023E-03  -6.9358553E-05  -6.9405597E-04  -4.4141776E-04   2.4287301E-01  -3.5689902E-02   6.3161209E-04   3.8745528E-02  -7.9621253E-03  -5.5318799E-03  -6.4414804E-02  -7.1774356E-02   3.6659686E-03   1.1754030E-02
  1.2861620E-05  -9.3923340E-04   2.7809070E-04   2.4737073E-06  -2.9703529E-04  -1.9547803E-04  -3.5689902E-02   1.0616791E-01   3.6304526E-04  -1.4212593E-02  -4.2527542E-02   8.5657763E-03  -1.4406669E-03  -2.3810762E-04   1.3019396E-03   2.2338075E-04
  1.6532412E-06   5.2068944E-05  -2.6714264E-05   7.1077463E-07   8.1860204E-06   1.2457510E-05   6.3161209E-04   3.6304526E-04   4.0505067E-04   9.8083584E-04   2.2628704E-03  -5.2787401E-04   8.8327423E-05   1.9336949E-04   2.0130598E-04  -3.7934518E-05
  1.8689848E-05  -1.7284945E-04   2.0237271E-05   3.9106480E-06   6.4001373E-05  -1.4205123E-04   3.8745528E-02  -1.4212593E-02   9.8083584E-04   1.0237994E-01  -1.4384226E-01   9.8810116E-03  -2.4262995E-02  -2.3638599E-02  -1.9082427E-03   1.0714284E-02
  1.2985269E-05  -1.5075979E-03   8.4251211E-04  -1.6140449E-05  -4.7929491E-04  -1.1482024E-04  -7.9621253E-03  -4.2527542E-02   2.2628704E-03  -1.4384226E-01   4.4253139E-01  -5.5047627E-02   1.1932079E-02   1.9009181E-02  -2.7065609E-02  -1.5602510E-02
 -5.1863993E-06   3.6363324E-04  -1.1759515E-04   2.0048042E-06   7.4341217E-05   8.2565264E-05  -5.5318799E-03   8.5657763E-03  -5.2787401E-04   9.8810116E-03  -5.5047627E-02   1.1379797E-02   2.6491118E-03   1.2414633E-03   2.5604159E-03  -3.8984678E-03
 -8.6519630E-06   9.5022927E-04  -3.5531349E-04   1.4635072E-05   1.5423302E-04   2.5432293E-04  -6.4414804E-02  -1.4406669E-03   8.8327423E-05  -2.4262995E-02   1.1932079E-02   2.6491118E-03   3.3917660E-02   2.7576802E-02  -2.1722606E-03  -6.8573663E-03
 -1.3729515E-05   6.8426677E-04  -2.2825118E-04   6.2185785E-06   1.0531636E-04   1.8384264E-04  -7.1774356E-02  -2.3810762E-04   1.9336949E-04  -2.3638599E-02   1.9009181E-02   1.2414633E-03   2.7576802E-02   7.0462979E-02  -1.0689700E-03  -8.3243563E-03
  5.2373501E-06   1.3583337E-04   2.2500395E-04  -1.0452843E-05  -5.0859820E-05   1.3576301E-04   3.6659686E-03   1.3019396E-03   2.0130598E-04  -1.9082427E-03  -2.7065609E-02   2.5604159E-03  -2.1722606E-03  -1.0689700E-03   1.6365983E-01   1.8476182E-03
  2.3460388E-07  -3.1803187E-04   8.3193360E-05   3.1194008E-06  -1.3286414E-04  -1.7821021E-05   1.1754030E-02   2.2338075E-04  -3.7934518E-05   1.0714284E-02  -1.5602510E-02  -3.8984678E-03  -6.8573663E-03  -8.3243563E-03   1.8476182E-03   8.3145864E-02
